<!doctype html public "-//W3C//DTD HTML 4.0//EN"><html><head><title>JMP Output</title></head><body><h2>Multivariate </h2><h3>Correlations</h3><table border=1 cellpadding=2 cellspacing=1><tr valign=top align=right><th align=left><th>PW<th>FW<th>BX<th>TY<th>BM<th>%RED<th>HI<th>BX*Y<th>EC<th>IC<tr valign=top align=right><td align=left>PW<td>1.00<td>-0.33<td>0.60<td>0.15<td>0.42<td>-0.33<td>-0.58<td>0.39<td>0.05<td>0.11<tr valign=top align=right><td align=left>FW<td>-0.33<td>1.00<td>-0.50<td>0.62<td>0.47<td>0.34<td>0.68<td>0.45<td>-0.22<td>-0.28<tr valign=top align=right><td align=left>BX<td>0.60<td>-0.50<td>1.00<td>-0.26<td>-0.07<td>-0.36<td>-0.59<td>0.01<td>-0.06<td>0.00<tr valign=top align=right><td align=left>TY<td>0.15<td>0.62<td>-0.26<td>1.00<td>0.96<td>0.27<td>0.60<td>0.93<td>0.10<td>0.00<tr valign=top align=right><td align=left>BM<td>0.42<td>0.47<td>-0.07<td>0.96<td>1.00<td>0.15<td>0.39<td>0.97<td>0.11<td>0.04<tr valign=top align=right><td align=left>%RED<td>-0.33<td>0.34<td>-0.36<td>0.27<td>0.15<td>1.00<td>0.53<td>0.17<td>0.12<td>0.09<tr valign=top align=right><td align=left>HI<td>-0.58<td>0.68<td>-0.59<td>0.60<td>0.39<td>0.53<td>1.00<td>0.41<td>0.05<td>-0.08<tr valign=top align=right><td align=left>BX*Y<td>0.39<td>0.45<td>0.01<td>0.93<td>0.97<td>0.17<td>0.41<td>1.00<td>0.13<td>0.05<tr valign=top align=right><td align=left>EC<td>0.05<td>-0.22<td>-0.06<td>0.10<td>0.11<td>0.12<td>0.05<td>0.13<td>1.00<td>0.84<tr valign=top align=right><td align=left>IC<td>0.11<td>-0.28<td>0.00<td>0.00<td>0.04<td>0.09<td>-0.08<td>0.05<td>0.84<td>1.00</table><br>    2 rows not used due to missing values.<br></body></html>
