<!doctype html public "-//W3C//DTD HTML 4.0//EN"><html><head><title>JMP Output</title></head><body><h2>Multivariate </h2><h3>Correlations</h3><table border=1 cellpadding=2 cellspacing=1><tr valign=top align=right><th align=left><th>FW<th>BX<th>fr length<th>fr width<th>length/width<th>per. Thick.<th>seed W <tr valign=top align=right><td align=left>FW<td>1.00<td>-0.56<td>0.68<td>0.83<td>-0.25<td>0.67<td>0.40<tr valign=top align=right><td align=left>BX<td>-0.56<td>1.00<td>-0.22<td>-0.54<td>0.42<td>-0.38<td>-0.18<tr valign=top align=right><td align=left>fr length<td>0.68<td>-0.22<td>1.00<td>0.62<td>0.35<td>0.65<td>0.25<tr valign=top align=right><td align=left>fr width<td>0.83<td>-0.54<td>0.62<td>1.00<td>-0.51<td>0.72<td>0.36<tr valign=top align=right><td align=left>length/width<td>-0.25<td>0.42<td>0.35<td>-0.51<td>1.00<td>-0.16<td>-0.17<tr valign=top align=right><td align=left>per. Thick.<td>0.67<td>-0.38<td>0.65<td>0.72<td>-0.16<td>1.00<td>0.34<tr valign=top align=right><td align=left>seed W <td>0.40<td>-0.18<td>0.25<td>0.36<td>-0.17<td>0.34<td>1.00</table><br>    2 rows not used due to missing values.<br></body></html>
