<!doctype html public "-//W3C//DTD HTML 4.0//EN"><html><head><title>JMP Output</title></head><body><h2>Multivariate </h2><h3>Correlations</h3><table border=1 cellpadding=2 cellspacing=1><tr valign=top align=right><th align=left><th>FW<th>BX<th>fr length<th>fr width<th>length/width<th>per. Thick.<tr valign=top align=right><td align=left>FW<td>1.00<td>-0.56<td>0.75<td>0.92<td>-0.28<td>0.70<tr valign=top align=right><td align=left>BX<td>-0.56<td>1.00<td>-0.43<td>-0.55<td>0.18<td>-0.38<tr valign=top align=right><td align=left>fr length<td>0.75<td>-0.43<td>1.00<td>0.67<td>0.33<td>0.56<tr valign=top align=right><td align=left>fr width<td>0.92<td>-0.55<td>0.67<td>1.00<td>-0.47<td>0.64<tr valign=top align=right><td align=left>length/width<td>-0.28<td>0.18<td>0.33<td>-0.47<td>1.00<td>-0.15<tr valign=top align=right><td align=left>per. Thick.<td>0.70<td>-0.38<td>0.56<td>0.64<td>-0.15<td>1.00</table></body></html>
