<!doctype html public "-//W3C//DTD HTML 4.0//EN"><html><head><title>JMP Output</title></head><body><h2>Multivariate </h2><h3>Correlations</h3><table border=1 cellpadding=2 cellspacing=1><tr valign=top align=right><th align=left><th>FW<th>BX<th>L*<th>a*<th>b*<th>Caro<th>lyco<tr valign=top align=right><td align=left>FW<td>1.00<td>0.08<td>0.23<td>0.07<td>0.37<td>-0.05<td>-0.21<tr valign=top align=right><td align=left>BX<td>0.08<td>1.00<td>0.17<td>-0.20<td>0.14<td>0.10<td>-0.12<tr valign=top align=right><td align=left>L*<td>0.23<td>0.17<td>1.00<td>-0.74<td>0.77<td>0.21<td>-0.72<tr valign=top align=right><td align=left>a*<td>0.07<td>-0.20<td>-0.74<td>1.00<td>-0.48<td>-0.10<td>0.69<tr valign=top align=right><td align=left>b*<td>0.37<td>0.14<td>0.77<td>-0.48<td>1.00<td>0.13<td>-0.57<tr valign=top align=right><td align=left>Caro<td>-0.05<td>0.10<td>0.21<td>-0.10<td>0.13<td>1.00<td>-0.28<tr valign=top align=right><td align=left>lyco<td>-0.21<td>-0.12<td>-0.72<td>0.69<td>-0.57<td>-0.28<td>1.00</table></body></html>
