<!doctype html public "-//W3C//DTD HTML 4.0//EN"><html><head><title>JMP Output</title></head><body><h2>Multivariate </h2><h3>Correlations</h3><table border=1 cellpadding=2 cellspacing=1><tr valign=top align=right><th align=left><th>PW<th>FW<th>BX<th>TY<th>BM<th>%RED<th>HI<th>BX*Y<th>EC<th>IC<tr valign=top align=right><td align=left>PW<td>1.00<td>0.41<td>0.41<td>0.71<td>0.78<td>-0.44<td>-0.27<td>0.75<td>0.40<td>0.43<tr valign=top align=right><td align=left>FW<td>0.41<td>1.00<td>0.06<td>0.55<td>0.55<td>0.20<td>0.23<td>0.53<td>0.11<td>0.15<tr valign=top align=right><td align=left>BX<td>0.41<td>0.06<td>1.00<td>0.22<td>0.26<td>-0.36<td>-0.19<td>0.44<td>0.27<td>0.35<tr valign=top align=right><td align=left>TY<td>0.71<td>0.55<td>0.22<td>1.00<td>0.99<td>-0.16<td>0.32<td>0.97<td>0.24<td>0.26<tr valign=top align=right><td align=left>BM<td>0.78<td>0.55<td>0.26<td>0.99<td>1.00<td>-0.21<td>0.24<td>0.97<td>0.27<td>0.29<tr valign=top align=right><td align=left>%RED<td>-0.44<td>0.20<td>-0.36<td>-0.16<td>-0.21<td>1.00<td>0.32<td>-0.20<td>-0.23<td>-0.28<tr valign=top align=right><td align=left>HI<td>-0.27<td>0.23<td>-0.19<td>0.32<td>0.24<td>0.32<td>1.00<td>0.23<td>-0.15<td>-0.12<tr valign=top align=right><td align=left>BX*Y<td>0.75<td>0.53<td>0.44<td>0.97<td>0.97<td>-0.20<td>0.23<td>1.00<td>0.28<td>0.30<tr valign=top align=right><td align=left>EC<td>0.40<td>0.11<td>0.27<td>0.24<td>0.27<td>-0.23<td>-0.15<td>0.28<td>1.00<td>0.55<tr valign=top align=right><td align=left>IC<td>0.43<td>0.15<td>0.35<td>0.26<td>0.29<td>-0.28<td>-0.12<td>0.30<td>0.55<td>1.00</table><br>    1 rows not used due to missing values.<br></body></html>
