<!doctype html public "-//W3C//DTD HTML 4.0//EN"><html><head><title>JMP Output</title></head><body><h2>Multivariate </h2><h3>Correlations</h3><table border=1 cellpadding=2 cellspacing=1><tr valign=top align=right><th align=left><th>PW<th>FW<th>BX<th>TY<th>BM<th>%RED<th>HI<th>BX*Y<th>EC<th>IC<tr valign=top align=right><td align=left>PW<td>1.00<td>0.19<td>-0.09<td>0.80<td>0.86<td>-0.15<td>-0.35<td>0.82<td>0.04<td>0.01<tr valign=top align=right><td align=left>FW<td>0.19<td>1.00<td>-0.54<td>0.45<td>0.42<td>-0.09<td>0.35<td>0.35<td>-0.39<td>-0.32<tr valign=top align=right><td align=left>BX<td>-0.09<td>-0.54<td>1.00<td>-0.32<td>-0.29<td>0.12<td>-0.35<td>-0.07<td>0.38<td>0.26<tr valign=top align=right><td align=left>TY<td>0.80<td>0.45<td>-0.32<td>1.00<td>0.99<td>0.08<td>0.17<td>0.96<td>-0.16<td>-0.08<tr valign=top align=right><td align=left>BM<td>0.86<td>0.42<td>-0.29<td>0.99<td>1.00<td>0.04<td>0.08<td>0.96<td>-0.12<td>-0.06<tr valign=top align=right><td align=left>%RED<td>-0.15<td>-0.09<td>0.12<td>0.08<td>0.04<td>1.00<td>0.48<td>0.09<td>0.07<td>0.16<tr valign=top align=right><td align=left>HI<td>-0.35<td>0.35<td>-0.35<td>0.17<td>0.08<td>0.48<td>1.00<td>0.09<td>-0.21<td>-0.07<tr valign=top align=right><td align=left>BX*Y<td>0.82<td>0.35<td>-0.07<td>0.96<td>0.96<td>0.09<td>0.09<td>1.00<td>-0.08<td>-0.02<tr valign=top align=right><td align=left>EC<td>0.04<td>-0.39<td>0.38<td>-0.16<td>-0.12<td>0.07<td>-0.21<td>-0.08<td>1.00<td>0.62<tr valign=top align=right><td align=left>IC<td>0.01<td>-0.32<td>0.26<td>-0.08<td>-0.06<td>0.16<td>-0.07<td>-0.02<td>0.62<td>1.00</table><br>    2 rows not used due to missing values.<br></body></html>
